浦和,川崎F,G大阪,清水,磐田,鹿島,名古屋,大分,横浜M,広島,千葉,大宮,F東京,新潟,甲府,福岡,C大阪,京都